2364	2446	2448	
2054	2091	2103	
2711	2862	2863	2865	2866	2867	
3870	4376	5066	5067	5068	5071	
5239	6172	6175	6179	6180	6181	6182	6183	
5002	5840	5841	5843	6330	6331	
5581	6653	6654	6655	6656	6658	6659	
1738	1754	1762	1763	1768	1770	1998	2001	2002	2006	2007	
2154	2213	2214	2215	
2140	2197	2198	2199	
1964	1995	1997	
1713	1722	1723	1726	1727	1731	1737	1738	1741	3815	3816	3817	3820	3821	
1764	1784	1789	2621	
2136	2190	2191	2193	2195	
1244	1244	1245	1315	
2116	2164	2174	2176	2177	2178	
1849	1873	1874	
2428	2515	2518	2519	2522	
2134	2187	2188	2232	2242	
1787	1810	1815	2132	2807	2809	
2340	2420	2424	2694	
2646	2782	2783	
2329	2407	2408	2411	
2132	2184	2185	
2236	2308	2309	2354	2355	
2290	2365	2367	2368	2369	
2695	2842	2843	3740	3742	3743	5620	
1640	1648	2217	2218	
1963	1993	1994	
1901	1926	1931	
1658	1666	1667	
1687	1696	2230	
1781	1802	1803	1804	
2683	2829	2833	
3732	4209	4210	
1915	1941	1946	1957	1960	1961	
2185	2251	2254	
3012	3244	3246	3250	3252	3253	3255	3256	3257	3259	3260	3261	3262	3263	3264	3266	3267	3268	3270	3271	
3418	3791	3793	
2480	2570	2571	
2412	2496	2497	2498	2499	
2622	2742	2743	2744	2745	2746	2748	2749	2753	
2647	2784	2885	
3063	3319	3322	3323	
2489	2582	2583	6710	6711	6716	
2633	2760	2761	2762	2763	2764	
2590	2696	2697	
2750	2915	3492	4423	4426	4430	
3158	3434	3435	3436	
2723	2879	2997	
2763	2928	2929	2930	
2734	2893	4536	
2735	2894	2895	2896	2898	2899	2900	2901	
2839	3020	3021	
2830	3008	3009	
2789	2960	2961	
2861	3043	3044	3047	3048	
2886	3081	3082	
5386	6366	7079	
3676	4135	4137	4140	
4470	5160	5163	5167	5169	5172	5173	5174	5176	5179	6454	6455	6461	6464	6468	6469	7007	7008	7009	7010	7011	7012	7013	7014	7015	7018	7020	7021	7022	7023	
4520	5224	5225	
5374	6351	6353	6354	
5358	6332	6333	
5637	6741	6742	
2089	2129	2131	
2104	2146	2147	2150	2151	
2670	2814	2817	2825	
5486	6516	6517	
2108	2153	2154	2155	2157	
1627	1634	1637	
2217	2286	2287	2289	2290	
2360	2441	2442	
3376	3735	3736	3737	
2905	3101	3102	
3374	3731	3732	3733	
2796	2970	2971	
2949	3157	3160	3163	3672	
2979	3198	3199	3200	3201	3204	3205	3206	3207	3208	
5049	5902	5907	5909	5911	5912	5913	5914	5915	5916	5920	5923	5924	5926	5929	
4332	4966	4967	5632	5633	
1451	1453	1454	1455	1533	1581	1583	
2866	3051	3052	3053	3055	
2650	2787	2788	2789	
4006	4548	4549	5491	
2657	2796	2797	2799	
3609	4034	4899	4902	4903	4906	4908	4909	
2775	2942	2943	2944	2945	2946	
4088	4645	4646	4647	
2384	2467	2468	
2955	3165	3166	3167	
2615	2730	2731	2733	2734	2737	2740	
3104	3370	3371	
3179	3465	3467	
2534	2632	2648	2651	2652	2653	2654	2655	2656	
3094	3357	3359	3360	3361	
3006	3237	3239	
2597	2704	2705	2709	2710	2712	2713	2714	2715	2718	3589	3590	3591	3592	3594	3595	3597	3598	3600	3601	3602	3603	3604	3605	3606	
2876	3068	3071	3073	
2717	2872	2878	
2636	2767	2768	
2998	3227	3229	
2659	2800	2802	
4086	4641	4642	4643	
4515	5215	5216	
2732	2889	2890	2891	3056	3057	
4421	5092	5093	
2698	2846	2847	
4232	4844	4845	5386	5387	
2708	2857	2858	2859	
3630	4059	4060	
3110	3378	3379	
2835	3014	3015	
2962	3174	3175	
3033	3283	3284	3285	
3395	3764	3765	
3111	3380	3381	
3004	3234	3235	
3387	3751	3752	
3393	3760	3761	
2971	3189	3190	
2837	3017	3018	
3042	3294	3295	
2871	3061	3063	3064	
2882	3076	3077	
4506	5205	5207	
2915	3112	3113	3119	
2930	3129	3130	3139	3140	3142	3508	3509	
2940	3143	3144	3145	3148	3149	
2943	3150	3151	
2968	3181	3182	3183	3184	3185	3187	
2992	3219	3220	3221	
3151	3425	3426	3427	
3105	3372	3373	
3044	3297	3298	3300	3301	
3957	4488	4489	4490	
4323	4954	4956	4957	
3072	3330	3332	3333	3334	3336	
3090	3352	3353	
3252	3568	3569	3571	3572	
3207	3495	3496	
3633	4063	4064	4065	4066	4069	4070	4071	4072	4073	4074	4076	4077	4078	4079	5105	5107	5108	5109	5112	5114	5115	5121	5122	5123	5126	5130	
3249	3565	4736	
3135	3407	3408	3410	
3346	3700	3701	
4097	4660	4668	4669	4674	4678	4681	4688	4689	
3174	3457	3458	3459	3460	
3209	3498	3499	3500	3501	3502	
3555	3969	4452	
3234	3529	3531	3532	3533	3534	3535	3537	3538	3539	3540	3541	3542	3543	3546	3547	3548	3549	3550	3551	3553	3554	3555	3834	3837	3838	3839	3841	3842	3843	3844	3845	3846	
3912	4436	4441	
3251	3567	5719	5720	
3271	3608	3609	
3999	4539	4543	
3263	3582	3583	3584	3585	
4028	4574	4575	4580	4582	5999	6001	
3989	4526	4528	4529	
3694	4160	4795	6419	6727	
3309	3647	3648	3650	
3332	3675	3676	
3317	3657	3660	3666	4110	4113	4116	4117	4119	
3333	3677	3678	3679	3680	3681	3682	3683	3684	3685	3686	
3919	4444	4445	4446	4447	
3343	3696	3698	
3351	3706	3708	
3391	3757	3758	
4532	5237	5677	
3401	3773	5243	
4133	4706	4707	
4239	4852	4862	4866	4867	
3958	4491	4493	
4165	4750	4752	
4334	4969	4971	
4010	4553	4554	
3560	3974	3980	4987	
3966	4500	4503	
3580	3996	3997	4511	
3593	4010	4012	4013	4014	
4176	4763	4764	4765	4766	4767	4768	
4017	4561	4563	
5569	6625	6627	6628	6629	
4338	4974	4977	4979	
3933	4462	4464	4465	
3861	4366	4367	5259	5260	
4071	4622	4626	4628	4629	4635	
4161	4741	6497	
4256	4874	4878	
3852	4354	4358	4360	4364	
4399	5058	5059	5060	
4004	4545	4546	
4330	4963	4964	
4020	4565	4566	
4123	4693	4694	
4129	4700	4701	4702	
4143	4717	4719	4720	4723	4725	4726	
4162	4742	4743	4744	4745	4746	4748	5568	5569	5572	
4178	4770	4771	
4373	5014	5015	5016	5017	5018	5019	5020	5021	5022	5023	5024	5025	5027	5028	5030	
4171	4757	4758	
4487	5185	5616	
4225	4829	4832	4833	4834	
4264	4883	4884	
4410	5075	5076	5079	5082	
4417	5085	5086	5088	5089	
4567	5275	5276	5277	5280	
4589	5301	5302	5303	5304	5305	
5171	6075	6082	
5275	6228	6229	
3132	3402	3403	3404	3755	
3734	4212	4213	4214	4216	4217	4257	4259	4261	4265	4267	4599	4602	
3701	4171	4172	4173	
2086	2124	2126	2127	
2828	3005	3006	
3805	4298	4299	4300	
5601	6684	6685	6686	6687	
3840	4339	4340	
4795	5576	5579	5581	5582	
4738	5495	5497	5498	5500	5501	
5736	6868	6869	6870	
2515	2610	2611	2612	
3161	3439	3440	3441	3442	3443	3445	6135	6136	6137	6138	6139	6140	6141	6142	6143	6144	6145	
5117	5996	5997	5998	
3441	3825	3861	3862	
4720	5474	5475	
3780	4270	4272	4275	
4220	4822	4825	4826	
4672	5412	5414	
5302	6257	6258	6259	
5337	6303	6304	6305	
5090	5959	5960	
5822	6994	6995	6997	6998	
2802	2977	2978	
2501	2595	2597	
3638	4081	4083	
4863	5665	5666	
3427	3801	3802	3803	3804	3805	3807	
3602	4023	4024	
3509	3914	3915	
4683	5424	5425	5427	
4580	5291	5294	
3813	4308	4309	
3516	3923	3925	
4692	5438	5440	
3478	3878	3880	
3481	3882	3883	3884	
3513	3919	3920	
3719	4192	4195	4197	4198	
4947	5762	5767	
3604	4026	4030	
3728	4204	4207	
4966	5784	5786	5787	5788	5790	5791	
4141	4715	5218	
4688	5432	5433	5434	
4999	5831	5833	5834	5835	5836	
4855	5655	5658	
4203	4802	4803	4810	
4603	5319	5320	5322	5323	5324	
4712	5465	5468	5971	5972	
4767	5539	5543	5546	6320	6323	6324	6326	
5321	6284	6285	6286	
5318	6280	6281	
3711	4183	4186	
3688	4151	4153	4154	4156	
4760	5531	5533	
4835	5625	5626	5627	6069	6071	
4533	5238	7001	7003	7005	7006	
4845	5640	5641	5642	
5124	6008	6009	
5153	6048	6049	6052	
5794	6953	6955	6957	
5439	6445	6446	6448	
5847	7052	7054	
4936	5750	5752	
4386	5042	5043	5047	5051	
5555	6608	6611	6612	
5156	6053	6054	6056	6057	6058	
5140	6031	6032	6033	6034	
4451	5135	5136	5137	5138	5139	5140	5143	5868	5869	
5148	6042	6043	
5719	6843	6845	6846	6847	
5094	5964	5966	5967	
2838	3019	3728	
5846	7050	7051	
3891	4407	4408	4409	4411	4412	
4201	4798	4799	4800	5221	5222	5516	5517	5518	5521	5522	5524	5526	
4362	5001	5003	5005	5553	5554	5555	6424	
5725	6852	6854	
5040	5892	5893	6518	6519	
5066	5932	5933	
5424	6428	6431	6962	
2210	2277	2281	2283	
5864	7084	7085	7086	
3608	4031	4032	4033	
3601	4021	4022	
3473	3872	3873	
3494	3897	3899	
4494	5192	5193	
4666	5405	5406	
4585	5297	5861	5862	
4636	5357	6979	6981	6982	
5775	6927	6928	
5646	6753	6754	
4789	5566	5567	
5187	6095	6096	6097	
4806	5590	5591	5592	6269	
5005	5845	5849	6337	
5390	6370	6371	6372	6373	6375	6376	6377	6378	6379	6380	6381	6383	6385	6386	6387	6388	6391	6393	6395	6396	
5537	6585	6587	6590	6592	
5869	7093	7094	
5584	6661	6662	
5633	6734	6735	6736	6737	7043	7045	7046	
3845	4346	4347	4777	4778	4780	
5300	6254	6255	
3737	4219	4220	4221	4223	5643	
5460	6475	6476	6477	6478	6479	6480	6481	
5745	6882	6883	6885	6886	
5606	6697	6699	7088	7089	
3531	3939	3943	3944	
3764	4249	5036	
4368	5009	5429	
4089	4648	4650	4651	4652	4653	
4254	4870	4872	4873	
4859	5660	5661	
4849	5647	5648	
4957	5773	5776	5778	
5253	6192	6193	6194	6195	6197	6198	6199	
5098	5973	5974	5975	5976	5977	
5135	6020	6021	6022	6024	6025	6026	6027	
5872	7103	7104	
5716	6837	6838	
5836	7035	7036	7037	
2811	2987	3902	
5808	6970	6971	
5339	6307	6819	6820	6821	
5235	6168	6436	7098	7099	7100	7101	7102	
5709	6826	6827	6828	6829	6830	
5500	6536	6537	
4594	5310	6403	
5273	6223	6224	6225	6226	6520	
4976	5799	5800	
3985	4521	4522	
3617	4042	4044	4046	4047	4389	4393	4396	4400	4401	4402	4403	4404	4405	
3539	3949	3950	3952	
3670	4126	4127	4129	4130	
5204	6120	6123	
4664	5402	5403	
5199	6111	6112	6114	6116	
5630	6729	6730	6731	
5272	6221	6222	
5783	6937	6938	6939	
5762	6905	6910	6911	
5105	5984	6602	
4645	5375	5376	
5071	5938	5939	
4657	5392	5393	5396	6502	6503	
5039	5890	5891	
4729	5484	5485	
4903	5709	5710	5711	
4854	5653	5654	
5504	6541	6543	6544	6545	
5464	6485	6486	
5859	7074	7075	7076	7077	
5861	7080	7081	
5850	7056	7057	7058	7059	7060	7061	7062	7063	
5534	6581	6582	
5877	7111	7112	
5185	6090	6091	6092	6093	
4774	5548	6334	
5545	6596	6597	
5817	6985	6986	6987	
5312	6273	6275	
5564	6619	6620	
5376	6355	6356	6773	
5727	6855	6856	6857	6858	6859	
5212	6130	6131	
5217	6147	6148	6149	6150	
5260	6208	6209	
5307	6265	6267	
5767	6912	6914	6915	6916	6917	
5624	6720	6723	6724	
5691	6801	6803	6804	6805	
3877	4383	4384	
3844	4344	4345	
3834	4332	4335	
3822	4318	4319	4321	
4215	4816	4818	
4741	5502	5504	5506	
5096	5968	5969	
4747	5510	5511	
3149	3423	4287	
3654	4103	4104	4106	
3895	4415	4416	
4914	5724	5725	5726	5728	
5587	6666	6667	6668	
5532	6577	6579	6580	
5518	6561	6562	
5616	6708	6709	
5761	6902	6903	6904	
5257	6202	6203	6204	6205	
5211	6128	6129	
3629	4057	4058	
3686	4147	4148	4149	
3566	3981	3983	
3643	4091	4092	
2794	2967	2968	
5821	6992	6993	
5834	7030	7031	7032	7034	
5857	7071	7072	
5831	7024	7025	7026	
3394	3762	3763	
5467	6489	6494	
4640	5362	5363	5364	5365	
3400	3770	3771	3772	5446	5447	6507	
4306	4935	4936	4937	
2638	2770	2771	2772	2773	2775	2964	
4992	5818	5820	5821	5822	5823	5824	5825	
5522	6566	6567	
4616	5336	5346	
5311	6271	6272	
5772	6921	6922	
5573	6632	6633	6634	6635	6636	
3550	3962	3965	3967	
5132	6017	6291	
4981	5805	5809	5810	
5744	6878	6879	6880	6881	
4290	4919	6101	6103	
3442	3826	3827	3828	3831	
5444	6452	6453	
5086	5954	5955	
5162	6063	6065	
5306	6263	6264	
5574	6637	6639	6642	6644	6645	6646	6647	6648	6649	
5662	6770	6771	
4836	5628	5629	
4228	4835	4836	4837	4838	4840	4841	
4656	5390	5391	
5203	6118	6119	7027	
4662	5399	5400	
5591	6672	6674	
4900	5704	5705	5706	
4919	5732	5733	
5123	6006	6007	
5585	6663	6664	
5777	6930	6934	
5494	6528	6529	6530	
5874	7106	7107	7108	
5602	6688	6689	
5774	6924	6925	6926	
5811	6974	6975	6976	
5870	7095	7096	
5640	6746	6747	
2487	2578	2579	2580	
5011	5852	5853	
5755	6895	6896	
5036	5882	5883	5884	5885	5886	5888	
4270	4890	4895	4896	4897	
3416	3788	3790	
5638	6743	6744	
5700	6813	6816	
5856	7069	7070	
5484	6512	6513	6514	
4637	5358	5359	
4809	5595	5596	
3697	4163	4164	4166	4167	4170	
4813	5600	5601	
5511	6551	6553	6554	6555	
5604	6691	6692	6693	6694	6695	
3640	4084	4085	4086	4087	4088	
4652	5383	5384	
5406	6407	6412	
5791	6947	6948	6949	6950	
5598	6680	6681	
5001	5837	5838	5839	
4694	5441	5442	5443	5444	5445	
4641	5366	5368	5369	5370	5371	5372	
5483	6510	6511	
5717	6839	6840	6841	
5399	6398	6400	
5579	6650	6652	
5818	6988	6990	
0	0
1	1
2	2
3	3
4	4
5	5
6	6
7	7
8	8
9	9
10	10
11	11
12	12
13	13
14	14
15	15
16	16
17	17
18	18
19	19
20	20
21	21
22	22
23	23
24	24
25	25
26	26
27	27
28	28
29	29
30	30
31	31
32	32
33	33
34	34
35	35
36	36
37	37
38	38
39	39
40	40
41	41
42	42
43	43
44	44
45	45
46	46
47	47
48	48
49	49
50	50
51	51
52	52
53	53
54	54
55	55
56	56
57	57
58	58
59	59
60	60
61	61
62	62
63	63
64	64
65	65
66	66
67	67
68	68
69	69
70	70
71	71
72	72
73	73
74	74
75	75
76	76
77	77
78	78
79	79
80	80
81	81
82	82
83	83
84	84
85	85
86	86
87	87
88	88
89	89
90	90
91	91
92	92
93	93
94	94
95	95
96	96
97	97
98	98
99	99
100	100
101	101
102	102
103	103
104	104
105	105
106	106
107	107
108	108
109	109
110	110
111	111
112	112
113	113
114	114
115	115
116	116
117	117
118	118
119	119
120	120
121	121
122	122
123	123
124	124
125	125
126	126
127	127
128	128
129	129
130	130
131	131
132	132
133	133
134	134
135	135
136	136
137	137
138	138
139	139
140	140
141	141
142	142
143	143
144	144
145	145
146	146
147	147
148	148
149	149
150	150
151	151
152	152
153	153
154	154
155	155
156	156
157	157
158	158
159	159
160	160
161	161
162	162
163	163
164	164
165	165
166	166
167	167
168	168
169	169
170	170
171	171
172	172
173	173
174	174
175	175
176	176
177	177
178	178
179	179
180	180
181	181
182	182
183	183
184	184
185	185
186	186
187	187
188	188
189	189
190	190
191	191
192	192
193	193
194	194
195	195
196	196
197	197
198	198
199	199
200	200
201	201
202	202
203	203
204	204
205	205
206	206
207	207
208	208
209	209
210	210
211	211
212	212
213	213
214	214
215	215
216	216
217	217
218	218
219	219
220	220
221	221
222	222
223	223
224	224
225	225
226	226
227	227
228	228
229	229
230	230
231	231
232	232
233	233
234	234
235	235
236	236
237	237
238	238
239	239
240	240
241	241
242	242
243	243
244	244
245	245
246	246
247	247
248	248
249	249
250	250
251	251
252	252
253	253
254	254
255	255
256	256
257	257
258	258
259	259
260	260
261	261
262	262
263	263
264	264
265	265
266	266
267	267
268	268
269	269
270	270
271	271
272	272
273	273
274	274
275	275
276	276
277	277
278	278
279	279
280	280
281	281
282	282
283	283
284	284
285	285
286	286
287	287
288	288
289	289
290	290
291	291
292	292
293	293
294	294
295	295
296	296
297	297
298	298
299	299
300	300
301	301
302	302
303	303
304	304
305	305
306	306
307	307
308	308
309	309
310	310
311	311
312	312
313	313
314	314
315	315
316	316
317	317
318	318
319	319
320	320
321	321
322	322
323	323
324	324
325	325
326	326
327	327
328	328
329	329
330	330
331	331
332	332
333	333
334	334
335	335
336	336
337	337
338	338
339	339
340	340
341	341
342	342
343	343
344	344
345	345
346	346
347	347
348	348
349	349
350	350
351	351
352	352
353	353
354	354
355	355
356	356
357	357
358	358
359	359
360	360
361	361
362	362
363	363
364	364
365	365
366	366
367	367
368	368
369	369
370	370
371	371
372	372
373	373
374	374
375	375
376	376
377	377
378	378
379	379
380	380
381	381
382	382
383	383
384	384
385	385
386	386
387	387
388	388
389	389
390	390
391	391
392	392
393	393
394	394
395	395
396	396
397	397
398	398
399	399
400	400
401	401
402	402
403	403
404	404
405	405
406	406
407	407
408	408
409	409
410	410
411	411
412	412
413	413
414	414
415	415
416	416
417	417
418	418
419	419
420	420
421	421
422	422
423	423
424	424
425	425
426	426
427	427
428	428
429	429
430	430
431	431
432	432
433	433
434	434
435	435
436	436
437	437
438	438
439	439
440	440
441	441
442	442
443	443
444	444
445	445
446	446
447	447
448	448
449	449
450	450
451	451
452	452
453	453
454	454
455	455
456	456
457	457
458	458
459	459
460	460
461	461
462	462
463	463
464	464
465	465
466	466
467	467
468	468
469	469
470	470
471	471
472	472
473	473
474	474
475	475
476	476
477	477
478	478
479	479
480	480
481	481
482	482
483	483
484	484
485	485
486	486
487	487
488	488
489	489
490	490
491	491
492	492
493	493
494	494
495	495
496	496
497	497
498	498
499	499
500	500
501	501
502	502
503	503
504	504
505	505
506	506
507	507
508	508
509	509
510	510
511	511
512	512
513	513
514	514
515	515
516	516
517	517
518	518
519	519
520	520
521	521
522	522
523	523
524	524
525	525
526	526
527	527
528	528
529	529
530	530
531	531
532	532
533	533
534	534
535	535
536	536
537	537
538	538
539	539
540	540
541	541
542	542
543	543
544	544
545	545
546	546
547	547
548	548
549	549
550	550
551	551
552	552
553	553
554	554
555	555
556	556
557	557
558	558
559	559
560	560
561	561
562	562
563	563
564	564
565	565
566	566
567	567
568	568
569	569
570	570
571	571
572	572
573	573
574	574
575	575
576	576
577	577
578	578
579	579
580	580
581	581
582	582
583	583
584	584
585	585
586	586
587	587
588	588
589	589
590	590
591	591
592	592
593	593
594	594
595	595
596	596
597	597
598	598
599	599
600	600
601	601
602	602
603	603
604	604
605	605
606	606
607	607
608	608
609	609
610	610
611	611
612	612
613	613
614	614
615	615
616	616
617	617
618	618
619	619
620	620
621	621
622	622
623	623
624	624
625	625
626	626
627	627
628	628
629	629
630	630
631	631
632	632
633	633
634	634
635	635
636	636
637	637
638	638
639	639
640	640
641	641
642	642
643	643
644	644
645	645
646	646
647	647
648	648
649	649
650	650
651	651
652	652
653	653
654	654
655	655
656	656
657	657
658	658
659	659
660	660
661	661
662	662
663	663
664	664
665	665
666	666
667	667
668	668
669	669
670	670
671	671
672	672
673	673
674	674
675	675
676	676
677	677
678	678
679	679
680	680
681	681
682	682
683	683
684	684
685	685
686	686
687	687
688	688
689	689
690	690
691	691
692	692
693	693
694	694
695	695
696	696
697	697
698	698
699	699
700	700
701	701
702	702
703	703
704	704
705	705
706	706
707	707
708	708
709	709
710	710
711	711
712	712
713	713
714	714
715	715
716	716
717	717
718	718
719	719
720	720
721	721
722	722
723	723
724	724
725	725
726	726
727	727
728	728
729	729
730	730
731	731
732	732
733	733
734	734
735	735
736	736
737	737
738	738
739	739
740	740
741	741
742	742
743	743
744	744
745	745
746	746
747	747
748	748
749	749
750	750
751	751
752	752
753	753
754	754
755	755
756	756
757	757
758	758
759	759
760	760
761	761
762	762
763	763
764	764
765	765
766	766
767	767
768	768
769	769
770	770
771	771
772	772
773	773
774	774
775	775
776	776
777	777
778	778
779	779
780	780
781	781
782	782
783	783
784	784
785	785
786	786
787	787
788	788
789	789
790	790
791	791
792	792
793	793
794	794
795	795
796	796
797	797
798	798
799	799
800	800
801	801
802	802
803	803
804	804
805	805
806	806
807	807
808	808
809	809
810	810
811	811
812	812
813	813
814	814
815	815
816	816
817	817
818	818
819	819
820	820
821	821
822	822
823	823
824	824
825	825
826	826
827	827
828	828
829	829
830	830
831	831
832	832
833	833
834	834
835	835
836	836
837	837
838	838
839	839
840	840
841	841
842	842
843	843
844	844
845	845
846	846
847	847
848	848
849	849
850	850
851	851
852	852
853	853
854	854
855	855
856	856
857	857
858	858
859	859
860	860
861	861
862	862
863	863
864	864
865	865
866	866
867	867
868	868
869	869
870	870
871	871
872	872
873	873
874	874
875	875
876	876
877	877
878	878
879	879
880	880
881	881
882	882
883	883
884	884
885	885
886	886
887	887
888	888
889	889
890	890
891	891
892	892
893	893
894	894
895	895
896	896
897	897
898	898
899	899
900	900
901	901
902	902
903	903
904	904
905	905
906	906
907	907
908	908
909	909
910	910
911	911
912	912
913	913
914	914
915	915
916	916
917	917
918	918
919	919
920	920
921	921
922	922
923	923
924	924
925	925
926	926
927	927
928	928
929	929
930	930
931	931
932	932
933	933
934	934
935	935
936	936
937	937
938	938
939	939
940	940
941	941
942	942
943	943
944	944
945	945
946	946
947	947
948	948
949	949
950	950
951	951
952	952
953	953
954	954
955	955
956	956
957	957
958	958
959	959
960	960
961	961
962	962
963	963
964	964
965	965
966	966
967	967
968	968
969	969
970	970
971	971
972	972
973	973
974	974
975	975
976	976
977	977
978	978
979	979
980	980
981	981
982	982
983	983
984	984
985	985
986	986
987	987
988	988
989	989
990	990
991	991
992	992
993	993
994	994
995	995
996	996
997	997
998	998
999	999
1000	1000
1001	1001
1002	1002
1003	1003
1004	1004
1005	1005
1006	1006
1007	1007
1008	1008
1009	1009
1010	1010
1011	1011
1012	1012
1013	1013
1014	1014
1015	1015
1016	1016
1017	1017
1018	1018
1019	1019
1020	1020
1021	1021
1022	1022
1023	1023
1024	1024
1025	1025
1026	1026
1027	1027
1028	1028
1029	1029
1030	1030
1031	1031
1032	1032
1033	1033
1034	1034
1035	1035
1036	1036
1037	1037
1038	1038
1039	1039
1040	1040
1041	1041
1042	1042
1043	1043
1044	1044
1045	1045
1046	1046
1047	1047
1048	1048
1049	1049
1050	1050
1051	1051
1052	1052
1053	1053
1054	1054
1055	1055
1056	1056
1057	1057
1058	1058
1059	1059
1060	1060
1061	1061
1062	1062
1063	1063
1064	1064
1065	1065
1066	1066
1067	1067
1068	1068
1069	1069
1070	1070
1071	1071
1072	1072
1073	1073
1074	1074
1075	1075
1076	1076
1077	1077
1078	1078
1079	1079
1080	1080
1081	1081
1082	1082
1083	1083
1084	1084
1085	1085
1086	1086
1087	1087
1088	1088
1089	1089
1090	1090
1091	1091
1092	1092
1093	1093
1094	1094
1095	1095
1096	1096
1097	1097
1098	1098
1099	1099
1100	1100
1101	1101
1102	1102
1103	1103
1104	1104
1105	1105
1106	1106
1107	1107
1108	1108
1109	1109
1110	1110
1111	1111
1112	1112
1113	1113
1114	1114
1115	1115
1116	1116
1117	1117
1118	1118
1119	1119
1120	1120
1121	1121
1122	1122
1123	1123
1124	1124
1125	1125
1126	1126
1127	1127
1128	1128
1129	1129
1130	1130
1131	1131
1132	1132
1133	1133
1134	1134
1135	1135
1136	1136
1137	1137
1138	1138
1139	1139
1140	1140
1141	1141
1142	1142
1143	1143
1144	1144
1145	1145
1146	1146
1147	1147
1148	1148
1149	1149
1150	1150
1151	1151
1152	1152
1153	1153
1154	1154
1155	1155
1156	1156
1157	1157
1158	1158
1159	1159
1160	1160
1161	1161
1162	1162
1163	1163
1164	1164
1165	1165
1166	1166
1167	1167
1168	1168
1169	1169
1170	1170
1171	1171
1172	1172
1173	1173
1174	1174
1175	1175
1176	1176
1177	1177
1178	1178
1179	1179
1180	1180
1181	1181
1182	1182
1183	1183
1184	1184
1185	1185
1186	1186
1187	1187
1188	1188
1189	1189
1190	1190
1191	1191
1192	1192
1193	1193
1194	1194
1195	1195
1196	1196
1197	1197
1198	1198
1199	1199
1200	1200
1201	1201
1202	1202
1203	1203
1204	1204
1205	1205
1206	1206
1207	1207
1208	1208
1209	1209
1210	1210
1211	1211
1212	1212
1213	1213
1214	1214
1215	1215
1216	1216
1217	1217
1218	1218
1219	1219
1220	1220
1221	1221
1222	1222
1223	1223
1224	1224
1225	1225
1226	1226
1227	1227
1228	1228
1229	1229
1230	1230
1231	1231
1232	1232
1233	1233
1234	1234
1235	1235
1236	1236
1237	1237
1238	1238
1239	1239
1240	1240
1241	1241
1242	1242
1243	1243
1245	1246
1246	1247
1247	1248
1248	1249
1249	1250
1250	1251
1251	1252
1252	1253
1253	1254
1254	1255
1255	1256
1256	1257
1257	1258
1258	1259
1259	1260
1260	1261
1261	1262
1262	1263
1263	1264
1264	1265
1265	1266
1266	1267
1267	1268
1268	1269
1269	1270
1270	1271
1271	1272
1272	1273
1273	1274
1274	1275
1275	1276
1276	1277
1277	1278
1278	1279
1279	1280
1280	1281
1281	1282
1282	1283
1283	1284
1284	1285
1285	1286
1286	1287
1287	1288
1288	1289
1289	1290
1290	1291
1291	1292
1292	1293
1293	1294
1294	1295
1295	1296
1296	1297
1297	1298
1298	1299
1299	1300
1300	1301
1301	1302
1302	1303
1303	1304
1304	1305
1305	1306
1306	1307
1307	1308
1308	1309
1309	1310
1310	1311
1311	1312
1312	1313
1313	1314
1314	1316
1315	1317
1316	1318
1317	1319
1318	1320
1319	1321
1320	1322
1321	1323
1322	1324
1323	1325
1324	1326
1325	1327
1326	1328
1327	1329
1328	1330
1329	1331
1330	1332
1331	1333
1332	1334
1333	1335
1334	1336
1335	1337
1336	1338
1337	1339
1338	1340
1339	1341
1340	1342
1341	1343
1342	1344
1343	1345
1344	1346
1345	1347
1346	1348
1347	1349
1348	1350
1349	1351
1350	1352
1351	1353
1352	1354
1353	1355
1354	1356
1355	1357
1356	1358
1357	1359
1358	1360
1359	1361
1360	1362
1361	1363
1362	1364
1363	1365
1364	1366
1365	1367
1366	1368
1367	1369
1368	1370
1369	1371
1370	1372
1371	1373
1372	1374
1373	1375
1374	1376
1375	1377
1376	1378
1377	1379
1378	1380
1379	1381
1380	1382
1381	1383
1382	1384
1383	1385
1384	1386
1385	1387
1386	1388
1387	1389
1388	1390
1389	1391
1390	1392
1391	1393
1392	1394
1393	1395
1394	1396
1395	1397
1396	1398
1397	1399
1398	1400
1399	1401
1400	1402
1401	1403
1402	1404
1403	1405
1404	1406
1405	1407
1406	1408
1407	1409
1408	1410
1409	1411
1410	1412
1411	1413
1412	1414
1413	1415
1414	1416
1415	1417
1416	1418
1417	1419
1418	1420
1419	1421
1420	1422
1421	1423
1422	1424
1423	1425
1424	1426
1425	1427
1426	1428
1427	1429
1428	1430
1429	1431
1430	1432
1431	1433
1432	1434
1433	1435
1434	1436
1435	1437
1436	1438
1437	1439
1438	1440
1439	1441
1440	1442
1441	1443
1442	1444
1443	1445
1444	1446
1445	1447
1446	1448
1447	1449
1448	1450
1449	1451
1450	1452
1452	1456
1453	1457
1454	1458
1455	1459
1456	1460
1457	1461
1458	1462
1459	1463
1460	1464
1461	1465
1462	1466
1463	1467
1464	1468
1465	1469
1466	1470
1467	1471
1468	1472
1469	1473
1470	1474
1471	1475
1472	1476
1473	1477
1474	1478
1475	1479
1476	1480
1477	1481
1478	1482
1479	1483
1480	1484
1481	1485
1482	1486
1483	1487
1484	1488
1485	1489
1486	1490
1487	1491
1488	1492
1489	1493
1490	1494
1491	1495
1492	1496
1493	1497
1494	1498
1495	1499
1496	1500
1497	1501
1498	1502
1499	1503
1500	1504
1501	1505
1502	1506
1503	1507
1504	1508
1505	1509
1506	1510
1507	1511
1508	1512
1509	1513
1510	1514
1511	1515
1512	1516
1513	1517
1514	1518
1515	1519
1516	1520
1517	1521
1518	1522
1519	1523
1520	1524
1521	1525
1522	1526
1523	1527
1524	1528
1525	1529
1526	1530
1527	1531
1528	1532
1529	1534
1530	1535
1531	1536
1532	1537
1533	1538
1534	1539
1535	1540
1536	1541
1537	1542
1538	1543
1539	1544
1540	1545
1541	1546
1542	1547
1543	1548
1544	1549
1545	1550
1546	1551
1547	1552
1548	1553
1549	1554
1550	1555
1551	1556
1552	1557
1553	1558
1554	1559
1555	1560
1556	1561
1557	1562
1558	1563
1559	1564
1560	1565
1561	1566
1562	1567
1563	1568
1564	1569
1565	1570
1566	1571
1567	1572
1568	1573
1569	1574
1570	1575
1571	1576
1572	1577
1573	1578
1574	1579
1575	1580
1576	1582
1577	1584
1578	1585
1579	1586
1580	1587
1581	1588
1582	1589
1583	1590
1584	1591
1585	1592
1586	1593
1587	1594
1588	1595
1589	1596
1590	1597
1591	1598
1592	1599
1593	1600
1594	1601
1595	1602
1596	1603
1597	1604
1598	1605
1599	1606
1600	1607
1601	1608
1602	1609
1603	1610
1604	1611
1605	1612
1606	1613
1607	1614
1608	1615
1609	1616
1610	1617
1611	1618
1612	1619
1613	1620
1614	1621
1615	1622
1616	1623
1617	1624
1618	1625
1619	1626
1620	1627
1621	1628
1622	1629
1623	1630
1624	1631
1625	1632
1626	1633
1628	1635
1629	1636
1630	1638
1631	1639
1632	1640
1633	1641
1634	1642
1635	1643
1636	1644
1637	1645
1638	1646
1639	1647
1641	1649
1642	1650
1643	1651
1644	1652
1645	1653
1646	1654
1647	1655
1648	1656
1649	1657
1650	1658
1651	1659
1652	1660
1653	1661
1654	1662
1655	1663
1656	1664
1657	1665
1659	1668
1660	1669
1661	1670
1662	1671
1663	1672
1664	1673
1665	1674
1666	1675
1667	1676
1668	1677
1669	1678
1670	1679
1671	1680
1672	1681
1673	1682
1674	1683
1675	1684
1676	1685
1677	1686
1678	1687
1679	1688
1680	1689
1681	1690
1682	1691
1683	1692
1684	1693
1685	1694
1686	1695
1688	1697
1689	1698
1690	1699
1691	1700
1692	1701
1693	1702
1694	1703
1695	1704
1696	1705
1697	1706
1698	1707
1699	1708
1700	1709
1701	1710
1702	1711
1703	1712
1704	1713
1705	1714
1706	1715
1707	1716
1708	1717
1709	1718
1710	1719
1711	1720
1712	1721
1714	1724
1715	1725
1716	1728
1717	1729
1718	1730
1719	1732
1720	1733
1721	1734
1722	1735
1723	1736
1724	1739
1725	1740
1726	1742
1727	1743
1728	1744
1729	1745
1730	1746
1731	1747
1732	1748
1733	1749
1734	1750
1735	1751
1736	1752
1737	1753
1739	1755
1740	1756
1741	1757
1742	1758
1743	1759
1744	1760
1745	1761
1746	1764
1747	1765
1748	1766
1749	1767
1750	1769
1751	1771
1752	1772
1753	1773
1754	1774
1755	1775
1756	1776
1757	1777
1758	1778
1759	1779
1760	1780
1761	1781
1762	1782
1763	1783
1765	1785
1766	1786
1767	1787
1768	1788
1769	1790
1770	1791
1771	1792
1772	1793
1773	1794
1774	1795
1775	1796
1776	1797
1777	1798
1778	1799
1779	1800
1780	1801
1782	1805
1783	1806
1784	1807
1785	1808
1786	1809
1788	1811
1789	1812
1790	1813
1791	1814
1792	1816
1793	1817
1794	1818
1795	1819
1796	1820
1797	1821
1798	1822
1799	1823
1800	1824
1801	1825
1802	1826
1803	1827
1804	1828
1805	1829
1806	1830
1807	1831
1808	1832
1809	1833
1810	1834
1811	1835
1812	1836
1813	1837
1814	1838
1815	1839
1816	1840
1817	1841
1818	1842
1819	1843
1820	1844
1821	1845
1822	1846
1823	1847
1824	1848
1825	1849
1826	1850
1827	1851
1828	1852
1829	1853
1830	1854
1831	1855
1832	1856
1833	1857
1834	1858
1835	1859
1836	1860
1837	1861
1838	1862
1839	1863
1840	1864
1841	1865
1842	1866
1843	1867
1844	1868
1845	1869
1846	1870
1847	1871
1848	1872
1850	1875
1851	1876
1852	1877
1853	1878
1854	1879
1855	1880
1856	1881
1857	1882
1858	1883
1859	1884
1860	1885
1861	1886
1862	1887
1863	1888
1864	1889
1865	1890
1866	1891
1867	1892
1868	1893
1869	1894
1870	1895
1871	1896
1872	1897
1873	1898
1874	1899
1875	1900
1876	1901
1877	1902
1878	1903
1879	1904
1880	1905
1881	1906
1882	1907
1883	1908
1884	1909
1885	1910
1886	1911
1887	1912
1888	1913
1889	1914
1890	1915
1891	1916
1892	1917
1893	1918
1894	1919
1895	1920
1896	1921
1897	1922
1898	1923
1899	1924
1900	1925
1902	1927
1903	1928
1904	1929
1905	1930
1906	1932
1907	1933
1908	1934
1909	1935
1910	1936
1911	1937
1912	1938
1913	1939
1914	1940
1916	1942
1917	1943
1918	1944
1919	1945
1920	1947
1921	1948
1922	1949
1923	1950
1924	1951
1925	1952
1926	1953
1927	1954
1928	1955
1929	1956
1930	1958
1931	1959
1932	1962
1933	1963
1934	1964
1935	1965
1936	1966
1937	1967
1938	1968
1939	1969
1940	1970
1941	1971
1942	1972
1943	1973
1944	1974
1945	1975
1946	1976
1947	1977
1948	1978
1949	1979
1950	1980
1951	1981
1952	1982
1953	1983
1954	1984
1955	1985
1956	1986
1957	1987
1958	1988
1959	1989
1960	1990
1961	1991
1962	1992
1965	1996
1966	1999
1967	2000
1968	2003
1969	2004
1970	2005
1971	2008
1972	2009
1973	2010
1974	2011
1975	2012
1976	2013
1977	2014
1978	2015
1979	2016
1980	2017
1981	2018
1982	2019
1983	2020
1984	2021
1985	2022
1986	2023
1987	2024
1988	2025
1989	2026
1990	2027
1991	2028
1992	2029
1993	2030
1994	2031
1995	2032
1996	2033
1997	2034
1998	2035
1999	2036
2000	2037
2001	2038
2002	2039
2003	2040
2004	2041
2005	2042
2006	2043
2007	2044
2008	2045
2009	2046
2010	2047
2011	2048
2012	2049
2013	2050
2014	2051
2015	2052
2016	2053
2017	2054
2018	2055
2019	2056
2020	2057
2021	2058
2022	2059
2023	2060
2024	2061
2025	2062
2026	2063
2027	2064
2028	2065
2029	2066
2030	2067
2031	2068
2032	2069
2033	2070
2034	2071
2035	2072
2036	2073
2037	2074
2038	2075
2039	2076
2040	2077
2041	2078
2042	2079
2043	2080
2044	2081
2045	2082
2046	2083
2047	2084
2048	2085
2049	2086
2050	2087
2051	2088
2052	2089
2053	2090
2055	2092
2056	2093
2057	2094
2058	2095
2059	2096
2060	2097
2061	2098
2062	2099
2063	2100
2064	2101
2065	2102
2066	2104
2067	2105
2068	2106
2069	2107
2070	2108
2071	2109
2072	2110
2073	2111
2074	2112
2075	2113
2076	2114
2077	2115
2078	2116
2079	2117
2080	2118
2081	2119
2082	2120
2083	2121
2084	2122
2085	2123
2087	2125
2088	2128
2090	2130
2091	2133
2092	2134
2093	2135
2094	2136
2095	2137
2096	2138
2097	2139
2098	2140
2099	2141
2100	2142
2101	2143
2102	2144
2103	2145
2105	2148
2106	2149
2107	2152
2109	2156
2110	2158
2111	2159
2112	2160
2113	2161
2114	2162
2115	2163
2117	2165
2118	2166
2119	2167
2120	2168
2121	2169
2122	2170
2123	2171
2124	2172
2125	2173
2126	2175
2127	2179
2128	2180
2129	2181
2130	2182
2131	2183
2133	2186
2135	2189
2137	2192
2138	2194
2139	2196
2141	2200
2142	2201
2143	2202
2144	2203
2145	2204
2146	2205
2147	2206
2148	2207
2149	2208
2150	2209
2151	2210
2152	2211
2153	2212
2155	2216
2156	2219
2157	2220
2158	2221
2159	2222
2160	2223
2161	2224
2162	2225
2163	2226
2164	2227
2165	2228
2166	2229
2167	2231
2168	2233
2169	2234
2170	2235
2171	2236
2172	2237
2173	2238
2174	2239
2175	2240
2176	2241
2177	2243
2178	2244
2179	2245
2180	2246
2181	2247
2182	2248
2183	2249
2184	2250
2186	2252
2187	2253
2188	2255
2189	2256
2190	2257
2191	2258
2192	2259
2193	2260
2194	2261
2195	2262
2196	2263
2197	2264
2198	2265
2199	2266
2200	2267
2201	2268
2202	2269
2203	2270
2204	2271
2205	2272
2206	2273
2207	2274
2208	2275
2209	2276
2211	2278
2212	2279
2213	2280
2214	2282
2215	2284
2216	2285
2218	2288
2219	2291
2220	2292
2221	2293
2222	2294
2223	2295
2224	2296
2225	2297
2226	2298
2227	2299
2228	2300
2229	2301
2230	2302
2231	2303
2232	2304
2233	2305
2234	2306
2235	2307
2237	2310
2238	2311
2239	2312
2240	2313
2241	2314
2242	2315
2243	2316
2244	2317
2245	2318
2246	2319
2247	2320
2248	2321
2249	2322
2250	2323
2251	2324
2252	2325
2253	2326
2254	2327
2255	2328
2256	2329
2257	2330
2258	2331
2259	2332
2260	2333
2261	2334
2262	2335
2263	2336
2264	2337
2265	2338
2266	2339
2267	2340
2268	2341
2269	2342
2270	2343
2271	2344
2272	2345
2273	2346
2274	2347
2275	2348
2276	2349
2277	2350
2278	2351
2279	2352
2280	2353
2281	2356
2282	2357
2283	2358
2284	2359
2285	2360
2286	2361
2287	2362
2288	2363
2289	2364
2291	2366
2292	2370
2293	2371
2294	2372
2295	2373
2296	2374
2297	2375
2298	2376
2299	2377
2300	2378
2301	2379
2302	2380
2303	2381
2304	2382
2305	2383
2306	2384
2307	2385
2308	2386
2309	2387
2310	2388
2311	2389
2312	2390
2313	2391
2314	2392
2315	2393
2316	2394
2317	2395
2318	2396
2319	2397
2320	2398
2321	2399
2322	2400
2323	2401
2324	2402
2325	2403
2326	2404
2327	2405
2328	2406
2330	2409
2331	2410
2332	2412
2333	2413
2334	2414
2335	2415
2336	2416
2337	2417
2338	2418
2339	2419
2341	2421
2342	2422
2343	2423
2344	2425
2345	2426
2346	2427
2347	2428
2348	2429
2349	2430
2350	2431
2351	2432
2352	2433
2353	2434
2354	2435
2355	2436
2356	2437
2357	2438
2358	2439
2359	2440
2361	2443
2362	2444
2363	2445
2365	2447
2366	2449
2367	2450
2368	2451
2369	2452
2370	2453
2371	2454
2372	2455
2373	2456
2374	2457
2375	2458
2376	2459
2377	2460
2378	2461
2379	2462
2380	2463
2381	2464
2382	2465
2383	2466
2385	2469
2386	2470
2387	2471
2388	2472
2389	2473
2390	2474
2391	2475
2392	2476
2393	2477
2394	2478
2395	2479
2396	2480
2397	2481
2398	2482
2399	2483
2400	2484
2401	2485
2402	2486
2403	2487
2404	2488
2405	2489
2406	2490
2407	2491
2408	2492
2409	2493
2410	2494
2411	2495
2413	2500
2414	2501
2415	2502
2416	2503
2417	2504
2418	2505
2419	2506
2420	2507
2421	2508
2422	2509
2423	2510
2424	2511
2425	2512
2426	2513
2427	2514
2429	2516
2430	2517
2431	2520
2432	2521
2433	2523
2434	2524
2435	2525
2436	2526
2437	2527
2438	2528
2439	2529
2440	2530
2441	2531
2442	2532
2443	2533
2444	2534
2445	2535
2446	2536
2447	2537
2448	2538
2449	2539
2450	2540
2451	2541
2452	2542
2453	2543
2454	2544
2455	2545
2456	2546
2457	2547
2458	2548
2459	2549
2460	2550
2461	2551
2462	2552
2463	2553
2464	2554
2465	2555
2466	2556
2467	2557
2468	2558
2469	2559
2470	2560
2471	2561
2472	2562
2473	2563
2474	2564
2475	2565
2476	2566
2477	2567
2478	2568
2479	2569
2481	2572
2482	2573
2483	2574
2484	2575
2485	2576
2486	2577
2488	2581
2490	2584
2491	2585
2492	2586
2493	2587
2494	2588
2495	2589
2496	2590
2497	2591
2498	2592
2499	2593
2500	2594
2502	2596
2503	2598
2504	2599
2505	2600
2506	2601
2507	2602
2508	2603
2509	2604
2510	2605
2511	2606
2512	2607
2513	2608
2514	2609
2516	2613
2517	2614
2518	2615
2519	2616
2520	2617
2521	2618
2522	2619
2523	2620
2524	2622
2525	2623
2526	2624
2527	2625
2528	2626
2529	2627
2530	2628
2531	2629
2532	2630
2533	2631
2535	2633
2536	2634
2537	2635
2538	2636
2539	2637
2540	2638
2541	2639
2542	2640
2543	2641
2544	2642
2545	2643
2546	2644
2547	2645
2548	2646
2549	2647
2550	2649
2551	2650
2552	2657
2553	2658
2554	2659
2555	2660
2556	2661
2557	2662
2558	2663
2559	2664
2560	2665
2561	2666
2562	2667
2563	2668
2564	2669
2565	2670
2566	2671
2567	2672
2568	2673
2569	2674
2570	2675
2571	2676
2572	2677
2573	2678
2574	2679
2575	2680
2576	2681
2577	2682
2578	2683
2579	2684
2580	2685
2581	2686
2582	2687
2583	2688
2584	2689
2585	2690
2586	2691
2587	2692
2588	2693
2589	2695
2591	2698
2592	2699
2593	2700
2594	2701
2595	2702
2596	2703
2598	2706
2599	2707
2600	2708
2601	2711
2602	2716
2603	2717
2604	2719
2605	2720
2606	2721
2607	2722
2608	2723
2609	2724
2610	2725
2611	2726
2612	2727
2613	2728
2614	2729
2616	2732
2617	2735
2618	2736
2619	2738
2620	2739
2621	2741
2623	2747
2624	2750
2625	2751
2626	2752
2627	2754
2628	2755
2629	2756
2630	2757
2631	2758
2632	2759
2634	2765
2635	2766
2637	2769
2639	2774
2640	2776
2641	2777
2642	2778
2643	2779
2644	2780
2645	2781
2648	2785
2649	2786
2651	2790
2652	2791
2653	2792
2654	2793
2655	2794
2656	2795
2658	2798
2660	2801
2661	2803
2662	2804
2663	2805
2664	2806
2665	2808
2666	2810
2667	2811
2668	2812
2669	2813
2671	2815
2672	2816
2673	2818
2674	2819
2675	2820
2676	2821
2677	2822
2678	2823
2679	2824
2680	2826
2681	2827
2682	2828
2684	2830
2685	2831
2686	2832
2687	2834
2688	2835
2689	2836
2690	2837
2691	2838
2692	2839
2693	2840
2694	2841
2696	2844
2697	2845
2699	2848
2700	2849
2701	2850
2702	2851
2703	2852
2704	2853
2705	2854
2706	2855
2707	2856
2709	2860
2710	2861
2712	2864
2713	2868
2714	2869
2715	2870
2716	2871
2718	2873
2719	2874
2720	2875
2721	2876
2722	2877
2724	2880
2725	2881
2726	2882
2727	2883
2728	2884
2729	2886
2730	2887
2731	2888
2733	2892
2736	2897
2737	2902
2738	2903
2739	2904
2740	2905
2741	2906
2742	2907
2743	2908
2744	2909
2745	2910
2746	2911
2747	2912
2748	2913
2749	2914
2751	2916
2752	2917
2753	2918
2754	2919
2755	2920
2756	2921
2757	2922
2758	2923
2759	2924
2760	2925
2761	2926
2762	2927
2764	2931
2765	2932
2766	2933
2767	2934
2768	2935
2769	2936
2770	2937
2771	2938
2772	2939
2773	2940
2774	2941
2776	2947
2777	2948
2778	2949
2779	2950
2780	2951
2781	2952
2782	2953
2783	2954
2784	2955
2785	2956
2786	2957
2787	2958
2788	2959
2790	2962
2791	2963
2792	2965
2793	2966
2795	2969
2797	2972
2798	2973
2799	2974
2800	2975
2801	2976
2803	2979
2804	2980
2805	2981
2806	2982
2807	2983
2808	2984
2809	2985
2810	2986
2812	2988
2813	2989
2814	2990
2815	2991
2816	2992
2817	2993
2818	2994
2819	2995
2820	2996
2821	2998
2822	2999
2823	3000
2824	3001
2825	3002
2826	3003
2827	3004
2829	3007
2831	3010
2832	3011
2833	3012
2834	3013
2836	3016
2840	3022
2841	3023
2842	3024
2843	3025
2844	3026
2845	3027
2846	3028
2847	3029
2848	3030
2849	3031
2850	3032
2851	3033
2852	3034
2853	3035
2854	3036
2855	3037
2856	3038
2857	3039
2858	3040
2859	3041
2860	3042
2862	3045
2863	3046
2864	3049
2865	3050
2867	3054
2868	3058
2869	3059
2870	3060
2872	3062
2873	3065
2874	3066
2875	3067
2877	3069
2878	3070
2879	3072
2880	3074
2881	3075
2883	3078
2884	3079
2885	3080
2887	3083
2888	3084
2889	3085
2890	3086
2891	3087
2892	3088
2893	3089
2894	3090
2895	3091
2896	3092
2897	3093
2898	3094
2899	3095
2900	3096
2901	3097
2902	3098
2903	3099
2904	3100
2906	3103
2907	3104
2908	3105
2909	3106
2910	3107
2911	3108
2912	3109
2913	3110
2914	3111
2916	3114
2917	3115
2918	3116
2919	3117
2920	3118
2921	3120
2922	3121
2923	3122
2924	3123
2925	3124
2926	3125
2927	3126
2928	3127
2929	3128
2931	3131
2932	3132
2933	3133
2934	3134
2935	3135
2936	3136
2937	3137
2938	3138
2939	3141
2941	3146
2942	3147
2944	3152
2945	3153
2946	3154
2947	3155
2948	3156
2950	3158
2951	3159
2952	3161
2953	3162
2954	3164
2956	3168
2957	3169
2958	3170
2959	3171
2960	3172
2961	3173
2963	3176
2964	3177
2965	3178
2966	3179
2967	3180
2969	3186
2970	3188
2972	3191
2973	3192
2974	3193
2975	3194
2976	3195
2977	3196
2978	3197
2980	3202
2981	3203
2982	3209
2983	3210
2984	3211
2985	3212
2986	3213
2987	3214
2988	3215
2989	3216
2990	3217
2991	3218
2993	3222
2994	3223
2995	3224
2996	3225
2997	3226
2999	3228
3000	3230
3001	3231
3002	3232
3003	3233
3005	3236
3007	3238
3008	3240
3009	3241
3010	3242
3011	3243
3013	3245
3014	3247
3015	3248
3016	3249
3017	3251
3018	3254
3019	3258
3020	3265
3021	3269
3022	3272
3023	3273
3024	3274
3025	3275
3026	3276
3027	3277
3028	3278
3029	3279
3030	3280
3031	3281
3032	3282
3034	3286
3035	3287
3036	3288
3037	3289
3038	3290
3039	3291
3040	3292
3041	3293
3043	3296
3045	3299
3046	3302
3047	3303
3048	3304
3049	3305
3050	3306
3051	3307
3052	3308
3053	3309
3054	3310
3055	3311
3056	3312
3057	3313
3058	3314
3059	3315
3060	3316
3061	3317
3062	3318
3064	3320
3065	3321
3066	3324
3067	3325
3068	3326
3069	3327
3070	3328
3071	3329
3073	3331
3074	3335
3075	3337
3076	3338
3077	3339
3078	3340
3079	3341
3080	3342
3081	3343
3082	3344
3083	3345
3084	3346
3085	3347
3086	3348
3087	3349
3088	3350
3089	3351
3091	3354
3092	3355
3093	3356
3095	3358
3096	3362
3097	3363
3098	3364
3099	3365
3100	3366
3101	3367
3102	3368
3103	3369
3106	3374
3107	3375
3108	3376
3109	3377
3112	3382
3113	3383
3114	3384
3115	3385
3116	3386
3117	3387
3118	3388
3119	3389
3120	3390
3121	3391
3122	3392
3123	3393
3124	3394
3125	3395
3126	3396
3127	3397
3128	3398
3129	3399
3130	3400
3131	3401
3133	3405
3134	3406
3136	3409
3137	3411
3138	3412
3139	3413
3140	3414
3141	3415
3142	3416
3143	3417
3144	3418
3145	3419
3146	3420
3147	3421
3148	3422
3150	3424
3152	3428
3153	3429
3154	3430
3155	3431
3156	3432
3157	3433
3159	3437
3160	3438
3162	3444
3163	3446
3164	3447
3165	3448
3166	3449
3167	3450
3168	3451
3169	3452
3170	3453
3171	3454
3172	3455
3173	3456
3175	3461
3176	3462
3177	3463
3178	3464
3180	3466
3181	3468
3182	3469
3183	3470
3184	3471
3185	3472
3186	3473
3187	3474
3188	3475
3189	3476
3190	3477
3191	3478
3192	3479
3193	3480
3194	3481
3195	3482
3196	3483
3197	3484
3198	3485
3199	3486
3200	3487
3201	3488
3202	3489
3203	3490
3204	3491
3205	3493
3206	3494
3208	3497
3210	3503
3211	3504
3212	3505
3213	3506
3214	3507
3215	3510
3216	3511
3217	3512
3218	3513
3219	3514
3220	3515
3221	3516
3222	3517
3223	3518
3224	3519
3225	3520
3226	3521
3227	3522
3228	3523
3229	3524
3230	3525
3231	3526
3232	3527
3233	3528
3235	3530
3236	3536
3237	3544
3238	3545
3239	3552
3240	3556
3241	3557
3242	3558
3243	3559
3244	3560
3245	3561
3246	3562
3247	3563
3248	3564
3250	3566
3253	3570
3254	3573
3255	3574
3256	3575
3257	3576
3258	3577
3259	3578
3260	3579
3261	3580
3262	3581
3264	3586
3265	3587
3266	3588
3267	3593
3268	3596
3269	3599
3270	3607
3272	3610
3273	3611
3274	3612
3275	3613
3276	3614
3277	3615
3278	3616
3279	3617
3280	3618
3281	3619
3282	3620
3283	3621
3284	3622
3285	3623
3286	3624
3287	3625
3288	3626
3289	3627
3290	3628
3291	3629
3292	3630
3293	3631
3294	3632
3295	3633
3296	3634
3297	3635
3298	3636
3299	3637
3300	3638
3301	3639
3302	3640
3303	3641
3304	3642
3305	3643
3306	3644
3307	3645
3308	3646
3310	3649
3311	3651
3312	3652
3313	3653
3314	3654
3315	3655
3316	3656
3318	3658
3319	3659
3320	3661
3321	3662
3322	3663
3323	3664
3324	3665
3325	3667
3326	3668
3327	3669
3328	3670
3329	3671
3330	3673
3331	3674
3334	3687
3335	3688
3336	3689
3337	3690
3338	3691
3339	3692
3340	3693
3341	3694
3342	3695
3344	3697
3345	3699
3347	3702
3348	3703
3349	3704
3350	3705
3352	3707
3353	3709
3354	3710
3355	3711
3356	3712
3357	3713
3358	3714
3359	3715
3360	3716
3361	3717
3362	3718
3363	3719
3364	3720
3365	3721
3366	3722
3367	3723
3368	3724
3369	3725
3370	3726
3371	3727
3372	3729
3373	3730
3375	3734
3377	3738
3378	3739
3379	3741
3380	3744
3381	3745
3382	3746
3383	3747
3384	3748
3385	3749
3386	3750
3388	3753
3389	3754
3390	3756
3392	3759
3396	3766
3397	3767
3398	3768
3399	3769
3402	3774
3403	3775
3404	3776
3405	3777
3406	3778
3407	3779
3408	3780
3409	3781
3410	3782
3411	3783
3412	3784
3413	3785
3414	3786
3415	3787
3417	3789
3419	3792
3420	3794
3421	3795
3422	3796
3423	3797
3424	3798
3425	3799
3426	3800
3428	3806
3429	3808
3430	3809
3431	3810
3432	3811
3433	3812
3434	3813
3435	3814
3436	3818
3437	3819
3438	3822
3439	3823
3440	3824
3443	3829
3444	3830
3445	3832
3446	3833
3447	3835
3448	3836
3449	3840
3450	3847
3451	3848
3452	3849
3453	3850
3454	3851
3455	3852
3456	3853
3457	3854
3458	3855
3459	3856
3460	3857
3461	3858
3462	3859
3463	3860
3464	3863
3465	3864
3466	3865
3467	3866
3468	3867
3469	3868
3470	3869
3471	3870
3472	3871
3474	3874
3475	3875
3476	3876
3477	3877
3479	3879
3480	3881
3482	3885
3483	3886
3484	3887
3485	3888
3486	3889
3487	3890
3488	3891
3489	3892
3490	3893
3491	3894
3492	3895
3493	3896
3495	3898
3496	3900
3497	3901
3498	3903
3499	3904
3500	3905
3501	3906
3502	3907
3503	3908
3504	3909
3505	3910
3506	3911
3507	3912
3508	3913
3510	3916
3511	3917
3512	3918
3514	3921
3515	3922
3517	3924
3518	3926
3519	3927
3520	3928
3521	3929
3522	3930
3523	3931
3524	3932
3525	3933
3526	3934
3527	3935
3528	3936
3529	3937
3530	3938
3532	3940
3533	3941
3534	3942
3535	3945
3536	3946
3537	3947
3538	3948
3540	3951
3541	3953
3542	3954
3543	3955
3544	3956
3545	3957
3546	3958
3547	3959
3548	3960
3549	3961
3551	3963
3552	3964
3553	3966
3554	3968
3556	3970
3557	3971
3558	3972
3559	3973
3561	3975
3562	3976
3563	3977
3564	3978
3565	3979
3567	3982
3568	3984
3569	3985
3570	3986
3571	3987
3572	3988
3573	3989
3574	3990
3575	3991
3576	3992
3577	3993
3578	3994
3579	3995
3581	3998
3582	3999
3583	4000
3584	4001
3585	4002
3586	4003
3587	4004
3588	4005
3589	4006
3590	4007
3591	4008
3592	4009
3594	4011
3595	4015
3596	4016
3597	4017
3598	4018
3599	4019
3600	4020
3603	4025
3605	4027
3606	4028
3607	4029
3610	4035
3611	4036
3612	4037
3613	4038
3614	4039
3615	4040
3616	4041
3618	4043
3619	4045
3620	4048
3621	4049
3622	4050
3623	4051
3624	4052
3625	4053
3626	4054
3627	4055
3628	4056
3631	4061
3632	4062
3634	4067
3635	4068
3636	4075
3637	4080
3639	4082
3641	4089
3642	4090
3644	4093
3645	4094
3646	4095
3647	4096
3648	4097
3649	4098
3650	4099
3651	4100
3652	4101
3653	4102
3655	4105
3656	4107
3657	4108
3658	4109
3659	4111
3660	4112
3661	4114
3662	4115
3663	4118
3664	4120
3665	4121
3666	4122
3667	4123
3668	4124
3669	4125
3671	4128
3672	4131
3673	4132
3674	4133
3675	4134
3677	4136
3678	4138
3679	4139
3680	4141
3681	4142
3682	4143
3683	4144
3684	4145
3685	4146
3687	4150
3689	4152
3690	4155
3691	4157
3692	4158
3693	4159
3695	4161
3696	4162
3698	4165
3699	4168
3700	4169
3702	4174
3703	4175
3704	4176
3705	4177
3706	4178
3707	4179
3708	4180
3709	4181
3710	4182
3712	4184
3713	4185
3714	4187
3715	4188
3716	4189
3717	4190
3718	4191
3720	4193
3721	4194
3722	4196
3723	4199
3724	4200
3725	4201
3726	4202
3727	4203
3729	4205
3730	4206
3731	4208
3733	4211
3735	4215
3736	4218
3738	4222
3739	4224
3740	4225
3741	4226
3742	4227
3743	4228
3744	4229
3745	4230
3746	4231
3747	4232
3748	4233
3749	4234
3750	4235
3751	4236
3752	4237
3753	4238
3754	4239
3755	4240
3756	4241
3757	4242
3758	4243
3759	4244
3760	4245
3761	4246
3762	4247
3763	4248
3765	4250
3766	4251
3767	4252
3768	4253
3769	4254
3770	4255
3771	4256
3772	4258
3773	4260
3774	4262
3775	4263
3776	4264
3777	4266
3778	4268
3779	4269
3781	4271
3782	4273
3783	4274
3784	4276
3785	4277
3786	4278
3787	4279
3788	4280
3789	4281
3790	4282
3791	4283
3792	4284
3793	4285
3794	4286
3795	4288
3796	4289
3797	4290
3798	4291
3799	4292
3800	4293
3801	4294
3802	4295
3803	4296
3804	4297
3806	4301
3807	4302
3808	4303
3809	4304
3810	4305
3811	4306
3812	4307
3814	4310
3815	4311
3816	4312
3817	4313
3818	4314
3819	4315
3820	4316
3821	4317
3823	4320
3824	4322
3825	4323
3826	4324
3827	4325
3828	4326
3829	4327
3830	4328
3831	4329
3832	4330
3833	4331
3835	4333
3836	4334
3837	4336
3838	4337
3839	4338
3841	4341
3842	4342
3843	4343
3846	4348
3847	4349
3848	4350
3849	4351
3850	4352
3851	4353
3853	4355
3854	4356
3855	4357
3856	4359
3857	4361
3858	4362
3859	4363
3860	4365
3862	4368
3863	4369
3864	4370
3865	4371
3866	4372
3867	4373
3868	4374
3869	4375
3871	4377
3872	4378
3873	4379
3874	4380
3875	4381
3876	4382
3878	4385
3879	4386
3880	4387
3881	4388
3882	4390
3883	4391
3884	4392
3885	4394
3886	4395
3887	4397
3888	4398
3889	4399
3890	4406
3892	4410
3893	4413
3894	4414
3896	4417
3897	4418
3898	4419
3899	4420
3900	4421
3901	4422
3902	4424
3903	4425
3904	4427
3905	4428
3906	4429
3907	4431
3908	4432
3909	4433
3910	4434
3911	4435
3913	4437
3914	4438
3915	4439
3916	4440
3917	4442
3918	4443
3920	4448
3921	4449
3922	4450
3923	4451
3924	4453
3925	4454
3926	4455
3927	4456
3928	4457
3929	4458
3930	4459
3931	4460
3932	4461
3934	4463
3935	4466
3936	4467
3937	4468
3938	4469
3939	4470
3940	4471
3941	4472
3942	4473
3943	4474
3944	4475
3945	4476
3946	4477
3947	4478
3948	4479
3949	4480
3950	4481
3951	4482
3952	4483
3953	4484
3954	4485
3955	4486
3956	4487
3959	4492
3960	4494
3961	4495
3962	4496
3963	4497
3964	4498
3965	4499
3967	4501
3968	4502
3969	4504
3970	4505
3971	4506
3972	4507
3973	4508
3974	4509
3975	4510
3976	4512
3977	4513
3978	4514
3979	4515
3980	4516
3981	4517
3982	4518
3983	4519
3984	4520
3986	4523
3987	4524
3988	4525
3990	4527
3991	4530
3992	4531
3993	4532
3994	4533
3995	4534
3996	4535
3997	4537
3998	4538
4000	4540
4001	4541
4002	4542
4003	4544
4005	4547
4007	4550
4008	4551
4009	4552
4011	4555
4012	4556
4013	4557
4014	4558
4015	4559
4016	4560
4018	4562
4019	4564
4021	4567
4022	4568
4023	4569
4024	4570
4025	4571
4026	4572
4027	4573
4029	4576
4030	4577
4031	4578
4032	4579
4033	4581
4034	4583
4035	4584
4036	4585
4037	4586
4038	4587
4039	4588
4040	4589
4041	4590
4042	4591
4043	4592
4044	4593
4045	4594
4046	4595
4047	4596
4048	4597
4049	4598
4050	4600
4051	4601
4052	4603
4053	4604
4054	4605
4055	4606
4056	4607
4057	4608
4058	4609
4059	4610
4060	4611
4061	4612
4062	4613
4063	4614
4064	4615
4065	4616
4066	4617
4067	4618
4068	4619
4069	4620
4070	4621
4072	4623
4073	4624
4074	4625
4075	4627
4076	4630
4077	4631
4078	4632
4079	4633
4080	4634
4081	4636
4082	4637
4083	4638
4084	4639
4085	4640
4087	4644
4090	4649
4091	4654
4092	4655
4093	4656
4094	4657
4095	4658
4096	4659
4098	4661
4099	4662
4100	4663
4101	4664
4102	4665
4103	4666
4104	4667
4105	4670
4106	4671
4107	4672
4108	4673
4109	4675
4110	4676
4111	4677
4112	4679
4113	4680
4114	4682
4115	4683
4116	4684
4117	4685
4118	4686
4119	4687
4120	4690
4121	4691
4122	4692
4124	4695
4125	4696
4126	4697
4127	4698
4128	4699
4130	4703
4131	4704
4132	4705
4134	4708
4135	4709
4136	4710
4137	4711
4138	4712
4139	4713
4140	4714
4142	4716
4144	4718
4145	4721
4146	4722
4147	4724
4148	4727
4149	4728
4150	4729
4151	4730
4152	4731
4153	4732
4154	4733
4155	4734
4156	4735
4157	4737
4158	4738
4159	4739
4160	4740
4163	4747
4164	4749
4166	4751
4167	4753
4168	4754
4169	4755
4170	4756
4172	4759
4173	4760
4174	4761
4175	4762
4177	4769
4179	4772
4180	4773
4181	4774
4182	4775
4183	4776
4184	4779
4185	4781
4186	4782
4187	4783
4188	4784
4189	4785
4190	4786
4191	4787
4192	4788
4193	4789
4194	4790
4195	4791
4196	4792
4197	4793
4198	4794
4199	4796
4200	4797
4202	4801
4204	4804
4205	4805
4206	4806
4207	4807
4208	4808
4209	4809
4210	4811
4211	4812
4212	4813
4213	4814
4214	4815
4216	4817
4217	4819
4218	4820
4219	4821
4221	4823
4222	4824
4223	4827
4224	4828
4226	4830
4227	4831
4229	4839
4230	4842
4231	4843
4233	4846
4234	4847
4235	4848
4236	4849
4237	4850
4238	4851
4240	4853
4241	4854
4242	4855
4243	4856
4244	4857
4245	4858
4246	4859
4247	4860
4248	4861
4249	4863
4250	4864
4251	4865
4252	4868
4253	4869
4255	4871
4257	4875
4258	4876
4259	4877
4260	4879
4261	4880
4262	4881
4263	4882
4265	4885
4266	4886
4267	4887
4268	4888
4269	4889
4271	4891
4272	4892
4273	4893
4274	4894
4275	4898
4276	4900
4277	4901
4278	4904
4279	4905
4280	4907
4281	4910
4282	4911
4283	4912
4284	4913
4285	4914
4286	4915
4287	4916
4288	4917
4289	4918
4291	4920
4292	4921
4293	4922
4294	4923
4295	4924
4296	4925
4297	4926
4298	4927
4299	4928
4300	4929
4301	4930
4302	4931
4303	4932
4304	4933
4305	4934
4307	4938
4308	4939
4309	4940
4310	4941
4311	4942
4312	4943
4313	4944
4314	4945
4315	4946
4316	4947
4317	4948
4318	4949
4319	4950
4320	4951
4321	4952
4322	4953
4324	4955
4325	4958
4326	4959
4327	4960
4328	4961
4329	4962
4331	4965
4333	4968
4335	4970
4336	4972
4337	4973
4339	4975
4340	4976
4341	4978
4342	4980
4343	4981
4344	4982
4345	4983
4346	4984
4347	4985
4348	4986
4349	4988
4350	4989
4351	4990
4352	4991
4353	4992
4354	4993
4355	4994
4356	4995
4357	4996
4358	4997
4359	4998
4360	4999
4361	5000
4363	5002
4364	5004
4365	5006
4366	5007
4367	5008
4369	5010
4370	5011
4371	5012
4372	5013
4374	5026
4375	5029
4376	5031
4377	5032
4378	5033
4379	5034
4380	5035
4381	5037
4382	5038
4383	5039
4384	5040
4385	5041
4387	5044
4388	5045
4389	5046
4390	5048
4391	5049
4392	5050
4393	5052
4394	5053
4395	5054
4396	5055
4397	5056
4398	5057
4400	5061
4401	5062
4402	5063
4403	5064
4404	5065
4405	5069
4406	5070
4407	5072
4408	5073
4409	5074
4411	5077
4412	5078
4413	5080
4414	5081
4415	5083
4416	5084
4418	5087
4419	5090
4420	5091
4422	5094
4423	5095
4424	5096
4425	5097
4426	5098
4427	5099
4428	5100
4429	5101
4430	5102
4431	5103
4432	5104
4433	5106
4434	5110
4435	5111
4436	5113
4437	5116
4438	5117
4439	5118
4440	5119
4441	5120
4442	5124
4443	5125
4444	5127
4445	5128
4446	5129
4447	5131
4448	5132
4449	5133
4450	5134
4452	5141
4453	5142
4454	5144
4455	5145
4456	5146
4457	5147
4458	5148
4459	5149
4460	5150
4461	5151
4462	5152
4463	5153
4464	5154
4465	5155
4466	5156
4467	5157
4468	5158
4469	5159
4471	5161
4472	5162
4473	5164
4474	5165
4475	5166
4476	5168
4477	5170
4478	5171
4479	5175
4480	5177
4481	5178
4482	5180
4483	5181
4484	5182
4485	5183
4486	5184
4488	5186
4489	5187
4490	5188
4491	5189
4492	5190
4493	5191
4495	5194
4496	5195
4497	5196
4498	5197
4499	5198
4500	5199
4501	5200
4502	5201
4503	5202
4504	5203
4505	5204
4507	5206
4508	5208
4509	5209
4510	5210
4511	5211
4512	5212
4513	5213
4514	5214
4516	5217
4517	5219
4518	5220
4519	5223
4521	5226
4522	5227
4523	5228
4524	5229
4525	5230
4526	5231
4527	5232
4528	5233
4529	5234
4530	5235
4531	5236
4534	5239
4535	5240
4536	5241
4537	5242
4538	5244
4539	5245
4540	5246
4541	5247
4542	5248
4543	5249
4544	5250
4545	5251
4546	5252
4547	5253
4548	5254
4549	5255
4550	5256
4551	5257
4552	5258
4553	5261
4554	5262
4555	5263
4556	5264
4557	5265
4558	5266
4559	5267
4560	5268
4561	5269
4562	5270
4563	5271
4564	5272
4565	5273
4566	5274
4568	5278
4569	5279
4570	5281
4571	5282
4572	5283
4573	5284
4574	5285
4575	5286
4576	5287
4577	5288
4578	5289
4579	5290
4581	5292
4582	5293
4583	5295
4584	5296
4586	5298
4587	5299
4588	5300
4590	5306
4591	5307
4592	5308
4593	5309
4595	5311
4596	5312
4597	5313
4598	5314
4599	5315
4600	5316
4601	5317
4602	5318
4604	5321
4605	5325
4606	5326
4607	5327
4608	5328
4609	5329
4610	5330
4611	5331
4612	5332
4613	5333
4614	5334
4615	5335
4617	5337
4618	5338
4619	5339
4620	5340
4621	5341
4622	5342
4623	5343
4624	5344
4625	5345
4626	5347
4627	5348
4628	5349
4629	5350
4630	5351
4631	5352
4632	5353
4633	5354
4634	5355
4635	5356
4638	5360
4639	5361
4642	5367
4643	5373
4644	5374
4646	5377
4647	5378
4648	5379
4649	5380
4650	5381
4651	5382
4653	5385
4654	5388
4655	5389
4658	5394
4659	5395
4660	5397
4661	5398
4663	5401
4665	5404
4667	5407
4668	5408
4669	5409
4670	5410
4671	5411
4673	5413
4674	5415
4675	5416
4676	5417
4677	5418
4678	5419
4679	5420
4680	5421
4681	5422
4682	5423
4684	5426
4685	5428
4686	5430
4687	5431
4689	5435
4690	5436
4691	5437
4693	5439
4695	5448
4696	5449
4697	5450
4698	5451
4699	5452
4700	5453
4701	5454
4702	5455
4703	5456
4704	5457
4705	5458
4706	5459
4707	5460
4708	5461
4709	5462
4710	5463
4711	5464
4713	5466
4714	5467
4715	5469
4716	5470
4717	5471
4718	5472
4719	5473
4721	5476
4722	5477
4723	5478
4724	5479
4725	5480
4726	5481
4727	5482
4728	5483
4730	5486
4731	5487
4732	5488
4733	5489
4734	5490
4735	5492
4736	5493
4737	5494
4739	5496
4740	5499
4742	5503
4743	5505
4744	5507
4745	5508
4746	5509
4748	5512
4749	5513
4750	5514
4751	5515
4752	5519
4753	5520
4754	5523
4755	5525
4756	5527
4757	5528
4758	5529
4759	5530
4761	5532
4762	5534
4763	5535
4764	5536
4765	5537
4766	5538
4768	5540
4769	5541
4770	5542
4771	5544
4772	5545
4773	5547
4775	5549
4776	5550
4777	5551
4778	5552
4779	5556
4780	5557
4781	5558
4782	5559
4783	5560
4784	5561
4785	5562
4786	5563
4787	5564
4788	5565
4790	5570
4791	5571
4792	5573
4793	5574
4794	5575
4796	5577
4797	5578
4798	5580
4799	5583
4800	5584
4801	5585
4802	5586
4803	5587
4804	5588
4805	5589
4807	5593
4808	5594
4810	5597
4811	5598
4812	5599
4814	5602
4815	5603
4816	5604
4817	5605
4818	5606
4819	5607
4820	5608
4821	5609
4822	5610
4823	5611
4824	5612
4825	5613
4826	5614
4827	5615
4828	5617
4829	5618
4830	5619
4831	5621
4832	5622
4833	5623
4834	5624
4837	5630
4838	5631
4839	5634
4840	5635
4841	5636
4842	5637
4843	5638
4844	5639
4846	5644
4847	5645
4848	5646
4850	5649
4851	5650
4852	5651
4853	5652
4856	5656
4857	5657
4858	5659
4860	5662
4861	5663
4862	5664
4864	5667
4865	5668
4866	5669
4867	5670
4868	5671
4869	5672
4870	5673
4871	5674
4872	5675
4873	5676
4874	5678
4875	5679
4876	5680
4877	5681
4878	5682
4879	5683
4880	5684
4881	5685
4882	5686
4883	5687
4884	5688
4885	5689
4886	5690
4887	5691
4888	5692
4889	5693
4890	5694
4891	5695
4892	5696
4893	5697
4894	5698
4895	5699
4896	5700
4897	5701
4898	5702
4899	5703
4901	5707
4902	5708
4904	5712
4905	5713
4906	5714
4907	5715
4908	5716
4909	5717
4910	5718
4911	5721
4912	5722
4913	5723
4915	5727
4916	5729
4917	5730
4918	5731
4920	5734
4921	5735
4922	5736
4923	5737
4924	5738
4925	5739
4926	5740
4927	5741
4928	5742
4929	5743
4930	5744
4931	5745
4932	5746
4933	5747
4934	5748
4935	5749
4937	5751
4938	5753
4939	5754
4940	5755
4941	5756
4942	5757
4943	5758
4944	5759
4945	5760
4946	5761
4948	5763
4949	5764
4950	5765
4951	5766
4952	5768
4953	5769
4954	5770
4955	5771
4956	5772
4958	5774
4959	5775
4960	5777
4961	5779
4962	5780
4963	5781
4964	5782
4965	5783
4967	5785
4968	5789
4969	5792
4970	5793
4971	5794
4972	5795
4973	5796
4974	5797
4975	5798
4977	5801
4978	5802
4979	5803
4980	5804
4982	5806
4983	5807
4984	5808
4985	5811
4986	5812
4987	5813
4988	5814
4989	5815
4990	5816
4991	5817
4993	5819
4994	5826
4995	5827
4996	5828
4997	5829
4998	5830
5000	5832
5003	5842
5004	5844
5006	5846
5007	5847
5008	5848
5009	5850
5010	5851
5012	5854
5013	5855
5014	5856
5015	5857
5016	5858
5017	5859
5018	5860
5019	5863
5020	5864
5021	5865
5022	5866
5023	5867
5024	5870
5025	5871
5026	5872
5027	5873
5028	5874
5029	5875
5030	5876
5031	5877
5032	5878
5033	5879
5034	5880
5035	5881
5037	5887
5038	5889
5041	5894
5042	5895
5043	5896
5044	5897
5045	5898
5046	5899
5047	5900
5048	5901
5050	5903
5051	5904
5052	5905
5053	5906
5054	5908
5055	5910
5056	5917
5057	5918
5058	5919
5059	5921
5060	5922
5061	5925
5062	5927
5063	5928
5064	5930
5065	5931
5067	5934
5068	5935
5069	5936
5070	5937
5072	5940
5073	5941
5074	5942
5075	5943
5076	5944
5077	5945
5078	5946
5079	5947
5080	5948
5081	5949
5082	5950
5083	5951
5084	5952
5085	5953
5087	5956
5088	5957
5089	5958
5091	5961
5092	5962
5093	5963
5095	5965
5097	5970
5099	5978
5100	5979
5101	5980
5102	5981
5103	5982
5104	5983
5106	5985
5107	5986
5108	5987
5109	5988
5110	5989
5111	5990
5112	5991
5113	5992
5114	5993
5115	5994
5116	5995
5118	6000
5119	6002
5120	6003
5121	6004
5122	6005
5125	6010
5126	6011
5127	6012
5128	6013
5129	6014
5130	6015
5131	6016
5133	6018
5134	6019
5136	6023
5137	6028
5138	6029
5139	6030
5141	6035
5142	6036
5143	6037
5144	6038
5145	6039
5146	6040
5147	6041
5149	6044
5150	6045
5151	6046
5152	6047
5154	6050
5155	6051
5157	6055
5158	6059
5159	6060
5160	6061
5161	6062
5163	6064
5164	6066
5165	6067
5166	6068
5167	6070
5168	6072
5169	6073
5170	6074
5172	6076
5173	6077
5174	6078
5175	6079
5176	6080
5177	6081
5178	6083
5179	6084
5180	6085
5181	6086
5182	6087
5183	6088
5184	6089
5186	6094
5188	6098
5189	6099
5190	6100
5191	6102
5192	6104
5193	6105
5194	6106
5195	6107
5196	6108
5197	6109
5198	6110
5200	6113
5201	6115
5202	6117
5205	6121
5206	6122
5207	6124
5208	6125
5209	6126
5210	6127
5213	6132
5214	6133
5215	6134
5216	6146
5218	6151
5219	6152
5220	6153
5221	6154
5222	6155
5223	6156
5224	6157
5225	6158
5226	6159
5227	6160
5228	6161
5229	6162
5230	6163
5231	6164
5232	6165
5233	6166
5234	6167
5236	6169
5237	6170
5238	6171
5240	6173
5241	6174
5242	6176
5243	6177
5244	6178
5245	6184
5246	6185
5247	6186
5248	6187
5249	6188
5250	6189
5251	6190
5252	6191
5254	6196
5255	6200
5256	6201
5258	6206
5259	6207
5261	6210
5262	6211
5263	6212
5264	6213
5265	6214
5266	6215
5267	6216
5268	6217
5269	6218
5270	6219
5271	6220
5274	6227
5276	6230
5277	6231
5278	6232
5279	6233
5280	6234
5281	6235
5282	6236
5283	6237
5284	6238
5285	6239
5286	6240
5287	6241
5288	6242
5289	6243
5290	6244
5291	6245
5292	6246
5293	6247
5294	6248
5295	6249
5296	6250
5297	6251
5298	6252
5299	6253
5301	6256
5303	6260
5304	6261
5305	6262
5308	6266
5309	6268
5310	6270
5313	6274
5314	6276
5315	6277
5316	6278
5317	6279
5319	6282
5320	6283
5322	6287
5323	6288
5324	6289
5325	6290
5326	6292
5327	6293
5328	6294
5329	6295
5330	6296
5331	6297
5332	6298
5333	6299
5334	6300
5335	6301
5336	6302
5338	6306
5340	6308
5341	6309
5342	6310
5343	6311
5344	6312
5345	6313
5346	6314
5347	6315
5348	6316
5349	6317
5350	6318
5351	6319
5352	6321
5353	6322
5354	6325
5355	6327
5356	6328
5357	6329
5359	6335
5360	6336
5361	6338
5362	6339
5363	6340
5364	6341
5365	6342
5366	6343
5367	6344
5368	6345
5369	6346
5370	6347
5371	6348
5372	6349
5373	6350
5375	6352
5377	6357
5378	6358
5379	6359
5380	6360
5381	6361
5382	6362
5383	6363
5384	6364
5385	6365
5387	6367
5388	6368
5389	6369
5391	6374
5392	6382
5393	6384
5394	6389
5395	6390
5396	6392
5397	6394
5398	6397
5400	6399
5401	6401
5402	6402
5403	6404
5404	6405
5405	6406
5407	6408
5408	6409
5409	6410
5410	6411
5411	6413
5412	6414
5413	6415
5414	6416
5415	6417
5416	6418
5417	6420
5418	6421
5419	6422
5420	6423
5421	6425
5422	6426
5423	6427
5425	6429
5426	6430
5427	6432
5428	6433
5429	6434
5430	6435
5431	6437
5432	6438
5433	6439
5434	6440
5435	6441
5436	6442
5437	6443
5438	6444
5440	6447
5441	6449
5442	6450
5443	6451
5445	6456
5446	6457
5447	6458
5448	6459
5449	6460
5450	6462
5451	6463
5452	6465
5453	6466
5454	6467
5455	6470
5456	6471
5457	6472
5458	6473
5459	6474
5461	6482
5462	6483
5463	6484
5465	6487
5466	6488
5468	6490
5469	6491
5470	6492
5471	6493
5472	6495
5473	6496
5474	6498
5475	6499
5476	6500
5477	6501
5478	6504
5479	6505
5480	6506
5481	6508
5482	6509
5485	6515
5487	6521
5488	6522
5489	6523
5490	6524
5491	6525
5492	6526
5493	6527
5495	6531
5496	6532
5497	6533
5498	6534
5499	6535
5501	6538
5502	6539
5503	6540
5505	6542
5506	6546
5507	6547
5508	6548
5509	6549
5510	6550
5512	6552
5513	6556
5514	6557
5515	6558
5516	6559
5517	6560
5519	6563
5520	6564
5521	6565
5523	6568
5524	6569
5525	6570
5526	6571
5527	6572
5528	6573
5529	6574
5530	6575
5531	6576
5533	6578
5535	6583
5536	6584
5538	6586
5539	6588
5540	6589
5541	6591
5542	6593
5543	6594
5544	6595
5546	6598
5547	6599
5548	6600
5549	6601
5550	6603
5551	6604
5552	6605
5553	6606
5554	6607
5556	6609
5557	6610
5558	6613
5559	6614
5560	6615
5561	6616
5562	6617
5563	6618
5565	6621
5566	6622
5567	6623
5568	6624
5570	6626
5571	6630
5572	6631
5575	6638
5576	6640
5577	6641
5578	6643
5580	6651
5582	6657
5583	6660
5586	6665
5588	6669
5589	6670
5590	6671
5592	6673
5593	6675
5594	6676
5595	6677
5596	6678
5597	6679
5599	6682
5600	6683
5603	6690
5605	6696
5607	6698
5608	6700
5609	6701
5610	6702
5611	6703
5612	6704
5613	6705
5614	6706
5615	6707
5617	6712
5618	6713
5619	6714
5620	6715
5621	6717
5622	6718
5623	6719
5625	6721
5626	6722
5627	6725
5628	6726
5629	6728
5631	6732
5632	6733
5634	6738
5635	6739
5636	6740
5639	6745
5641	6748
5642	6749
5643	6750
5644	6751
5645	6752
5647	6755
5648	6756
5649	6757
5650	6758
5651	6759
5652	6760
5653	6761
5654	6762
5655	6763
5656	6764
5657	6765
5658	6766
5659	6767
5660	6768
5661	6769
5663	6772
5664	6774
5665	6775
5666	6776
5667	6777
5668	6778
5669	6779
5670	6780
5671	6781
5672	6782
5673	6783
5674	6784
5675	6785
5676	6786
5677	6787
5678	6788
5679	6789
5680	6790
5681	6791
5682	6792
5683	6793
5684	6794
5685	6795
5686	6796
5687	6797
5688	6798
5689	6799
5690	6800
5692	6802
5693	6806
5694	6807
5695	6808
5696	6809
5697	6810
5698	6811
5699	6812
5701	6814
5702	6815
5703	6817
5704	6818
5705	6822
5706	6823
5707	6824
5708	6825
5710	6831
5711	6832
5712	6833
5713	6834
5714	6835
5715	6836
5718	6842
5720	6844
5721	6848
5722	6849
5723	6850
5724	6851
5726	6853
5728	6860
5729	6861
5730	6862
5731	6863
5732	6864
5733	6865
5734	6866
5735	6867
5737	6871
5738	6872
5739	6873
5740	6874
5741	6875
5742	6876
5743	6877
5746	6884
5747	6887
5748	6888
5749	6889
5750	6890
5751	6891
5752	6892
5753	6893
5754	6894
5756	6897
5757	6898
5758	6899
5759	6900
5760	6901
5763	6906
5764	6907
5765	6908
5766	6909
5768	6913
5769	6918
5770	6919
5771	6920
5773	6923
5776	6929
5778	6931
5779	6932
5780	6933
5781	6935
5782	6936
5784	6940
5785	6941
5786	6942
5787	6943
5788	6944
5789	6945
5790	6946
5792	6951
5793	6952
5795	6954
5796	6956
5797	6958
5798	6959
5799	6960
5800	6961
5801	6963
5802	6964
5803	6965
5804	6966
5805	6967
5806	6968
5807	6969
5809	6972
5810	6973
5812	6977
5813	6978
5814	6980
5815	6983
5816	6984
5819	6989
5820	6991
5823	6996
5824	6999
5825	7000
5826	7002
5827	7004
5828	7016
5829	7017
5830	7019
5832	7028
5833	7029
5835	7033
5837	7038
5838	7039
5839	7040
5840	7041
5841	7042
5842	7044
5843	7047
5844	7048
5845	7049
5848	7053
5849	7055
5851	7064
5852	7065
5853	7066
5854	7067
5855	7068
5858	7073
5860	7078
5862	7082
5863	7083
5865	7087
5866	7090
5867	7091
5868	7092
5871	7097
5873	7105
5875	7109
5876	7110
5878	7113
5879	7114
